P0: -0.6521773244645336
P1: -0.265794201291029
P2: -0.06713797305343966
P3: -0.012656469512553002
P4: -0.0019460743133746863
P5: -0.00025526032925791465
P6: -2.9369553453269182e-05
P7: -3.0201933430506822e-06
P8: -2.8129628858694427e-07
P9: -2.3963812866855475e-08
P10: -1.877513857023871e-09
P11: -1.0965084734962744e-10
P12: 1.5898337065290381e-10
P13: 9.380009157809126e-10
P14: 4.7616960639177975e-09
P15: 2.2074748585323222e-08
P16: 9.388741885004093e-08
P17: 3.6761711782071074e-07
P18: 1.3290875625979912e-06
P19: 4.4483765016902554e-06
P20: 1.3813771582920224e-05
P21: 3.987770798919162e-05
P22: 0.00010719809360565723
P23: 0.00026872911932255346
P24: 0.0006290069202437024
P25: 0.0013761639868740915
P26: 0.002816733290540517
P27: 0.005397590821790046
P28: 0.009689168133981154
P29: 0.01630039622101894
P30: 0.025708086755452778
P31: 0.038017192790813364
P32: 0.05271729772808791
P33: 0.06854239699578962
P34: 0.08354396757650448
P35: 0.09542963015749728
P36: 0.10211079521002044
P37: 0.10228978009439996
P38: 0.09586477458586642
P39: 0.08398196193750233
P40: 0.06870433741362841
P41: 0.05242740625349599
P42: 0.03726866012005527
P43: 0.02464346087674752
P44: 0.015132665877497566
P45: 0.008613627735274278
P46: 0.004535536794869083
P47: 0.00220429308511537
P48: 0.0009863799624653356
P49: 0.0004053237515486113
P50: 0.00015251466942247337
P51: 5.239359676943588e-05
P52: 1.6382212717595505e-05
P53: 4.648128251188876e-06
P54: 1.1933362370449399e-06
P55: 2.765545579663904e-07
P56: 5.775683322119149e-08
P57: 1.0863428162798955e-08
P58: 1.8416360484914511e-09
P59: 2.8203388299045755e-10
P60: 3.9159307680826103e-11
P61: 4.951962302666436e-12
P62: 5.731419110601111e-13
P63: 6.101111004348974e-14
P64: 6.001000182216581e-15
P65: 5.476971870672452e-16
P66: 4.655910180420184e-17
P67: 3.698877835409249e-18
P68: 2.754288461133066e-19
P69: 1.92720544477847e-20
P70: 1.2699251148786304e-21
P71: 7.895395108090663e-23
P72: 4.638787571419017e-24
P73: 2.578967808878001e-25
P74: 1.3582227283285303e-26
P75: 6.782002013802149e-28
P76: 3.2129015422395325e-29
P77: 1.444769668426295e-30
P78: 6.168701378523225e-32
P79: 2.50116275435306e-33
P80: 9.630132015418133e-35
P81: 3.5203493693490494e-36
P82: 1.2213990520663863e-37
P83: 4.020110393391711e-39
P84: 1.25445086184058e-40
P85: 3.708247986425466e-42
P86: 1.0374955338665182e-43
P87: 2.7444124867366202e-45
P88: 6.855582088043285e-47
P89: 1.6151144079995222e-48
P90: 3.583513900103243e-50
P91: 7.476548459276121e-52
P92: 1.4644780055936531e-53
P93: 2.6886250161793664e-55
P94: 4.618505534305079e-57
P95: 7.410480277598324e-59
P96: 1.1087021394227721e-60
P97: 1.5440589155035502e-62
P98: 1.9983008005536918e-64
P99: 2.399302093780798e-66
P100: 2.668235031366949e-68
P101: 2.7439079399350872e-70
P102: 2.604996942084047e-72
P103: 2.2793277694690446e-74
P104: 1.8348838340925707e-76
P105: 1.3564653873873464e-78
P106: 9.190567720188098e-81
P107: 5.694620556587684e-83
P108: 3.219069621262648e-85
P109: 1.6556473852818666e-87
P110: 7.724167807077416e-90
P111: 3.2573726061957276e-92
P112: 1.2367126290848343e-94
P113: 4.2074935175935973e-97
P114: 1.27568225166408e-99
P115: 3.4244139951230512e-102
P116: 8.074855839328563e-105
P117: 1.6565494736711532e-107
P118: 2.921312526405792e-110
P119: 4.3610470608846686e-113
P120: 5.40081432229078e-116
P121: 5.396565993313447e-119
P122: 4.178329435305375e-122
P123: 2.3509849108522549e-125
P124: 8.548077879717155e-129
P125: 1.50688640924267e-132
