P0: 0.6521773244645336
P1: 0.265794201291029
P2: 0.06713797305343966
P3: 0.012656469512553002
P4: 0.0019460743133746885
P5: 0.00025526032925795146
P6: 2.936955345377841e-05
P7: 3.0201933489762672e-06
P8: 2.81296347816036e-07
P9: 2.396432929980773e-08
P10: 1.8814895081773426e-09
P11: 1.3693574778266723e-10
P12: 9.281593759155734e-12
P13: 5.88065702869292e-13
P14: 3.493140728741388e-14
P15: 1.949966945135829e-15
P16: 1.0249038079880172e-16
P17: 5.079612524450312e-18
P18: 2.3766474866056605e-19
P19: 1.0506250796449856e-20
P20: 4.390591576808304e-22
P21: 1.7351075051176782e-23
P22: 6.484765639136148e-25
P23: 2.2917663758399877e-26
P24: 7.6561485261049065e-28
P25: 2.416497483320911e-29
P26: 7.2009563655142926e-31
P27: 2.0241231060012702e-32
P28: 5.361281638149441e-34
P29: 1.336468683730702e-35
P30: 3.1312524023399146e-37
P31: 6.884962219410103e-39
P32: 1.4184622935243152e-40
P33: 2.73362966186821e-42
P34: 4.919451277411854e-44
P35: 8.25253530900562e-46
P36: 1.288224175584586e-47
P37: 1.8680085875639894e-49
P38: 2.5119806510194478e-51
P39: 3.127440021511604e-53
P40: 3.5991401026998175e-55
P41: 3.8225907060404506e-57
P42: 3.740927927221914e-59
P43: 3.3679480653903755e-61
P44: 2.784789321100474e-63
P45: 2.111031919834245e-65
P46: 1.4643590187669262e-67
P47: 9.275683195290226e-70
P48: 5.352830398503873e-72
P49: 2.8069022545192287e-74
P50: 1.3334860046205808e-76
P51: 5.71988561286674e-79
P52: 2.2065334172704476e-81
P53: 7.620025768638966e-84
P54: 2.3429605684760142e-86
P55: 6.372695644438036e-89
P56: 1.5213738705072847e-91
P57: 3.1574952632703e-94
P58: 5.629212769972725e-97
P59: 8.489962941514658e-100
P60: 1.0615783438030063e-102
P61: 1.0703789044033051e-105
P62: 8.358248780759116e-109
P63: 4.740619603753698e-112
P64: 1.7366817424097134e-115
P65: 3.0832269464926853e-119
